246
412
538
544
631
769
803
805
1008
1138
1172
1183
1209
1245
1266
1313
1516
1523
1587
1610
1621
1729
1736
1741
1761
1768
1783
1892
1959
2064
2112
2125
2165
2232
2313
2494
2723
2796
2880
3018
3059
3314
3331
3573
4012
4392
4551
4680
4751
5060
5104
5287
5674
5750
5812
6135
6715
6984
7688
8186
125
375
435
474
871
970
992
1133
1165
1175
1243
1248
1333
1334
1405
1414
1419
1476
1480
1484
1488
1496
1755
1805
1860
1866
1868
1896
1922
2009
2135
2293
2409
2422
2423
2477
2532
2548
2590
2618
2720
2742
2782
2798
2829
3002
3016
3105
3159
3193
3248
3393
3424
3432
3504
3605
3639
3709
3716
3951
3973
4063
4076
4146
4177
4225
4239
4279
4298
4315
4375
4390
4431
4478
4488
4506
4601
4604
4646
4650
4687
4711
4768
4885
4930
4958
4972
5067
5142
5249
5335
5340
5389
5438
5446
5617
5724
5746
5813
5829
5860
5921
5958
5966
5992
6152
6189
6293
6320
6427
6453
6744
7177
7362
7363
7381
7444
7558
8122
136
288
483
521
565
661
698
707
772
880
889
941
1019
1162
1196
1197
1230
1363
1366
1430
1432
1473
1564
1663
1675
1703
1731
1824
1847
1864
1976
1994
2066
2247
2451
2585
2679
2693
2904
2928
3067
3196
3237
3288
3291
3391
3422
3497
3728
4046
4285
4389
4819
406
539
1275
1383
2774
3324
127
148
286
294
307
324
336
376
392
434
493
620
706
718
765
777
784
793
818
825
882
917
926
936
965
968
985
991
1030
1032
1034
1035
1055
1081
1111
1139
1159
1163
1167
1179
1239
1242
1246
1254
1273
1346
1357
1397
1477
1525
1530
1560
1567
1568
1575
1583
1589
1606
1677
1698
1744
1791
1800
1809
1816
1823
1848
1884
1923
1944
1995
1999
2005
2017
2021
2024
2106
2222
2301
2315
2356
2358
2371
2406
2407
2413
2446
2453
2468
2504
2539
2541
2560
2562
2593
2631
2638
2654
2672
2717
2738
2779
2781
2783
2788
2809
2852
2887
2896
2905
2925
2936
2938
2947
3025
3050
3070
3073
3079
3089
3094
3125
3139
3189
3206
3215
3221
3227
3230
3261
3309
3315
3336
3354
3377
3379
3414
3423
3428
3488
3498
3499
3503
3580
3612
3618
3649
3690
3722
3732
3757
3768
3782
3805
3817
3835
3843
3846
3852
3865
3890
3897
3898
3907
3918
3995
4028
4125
4154
4160
4166
4174
4205
4265
4299
4349
4388
4553
4571
4580
4626
4644
4668
4677
4684
4689
4691
4732
4739
4807
4834
4849
4934
4965
4990
5028
5124
5133
5158
5161
5178
5189
5196
5207
5304
5309
5316
5322
5382
5385
5392
5399
5448
5451
5474
5525
5542
5572
5577
5599
5601
5629
5632
5749
5760
5765
5793
5811
5918
5928
5935
5963
5971
5974
6005
6027
6118
6125
6175
6214
6412
7063
7095
7222
7284
7289
7368
7436
7511
7561
7684
7794
7980
8090
8133
8310
314
489
547
549
811
812
838
839
894
925
969
993
1070
1136
1149
1213
1224
1274
1300
1304
1306
1307
1310
1311
1345
1487
1494
1498
1537
1616
1640
1719
1776
1786
1797
1804
1812
1834
1905
1938
1948
1956
1967
2031
2065
2086
2089
2140
2178
2184
2282
2298
2320
2378
2445
2469
2505
2555
2595
2609
2622
2685
2691
2751
2776
2780
2794
2981
3004
3008
3096
3106
3113
3143
3155
3158
3173
3209
3226
3252
3262
3266
3385
3470
3536
3597
3704
3729
3830
3961
4105
4108
4118
4178
4211
4219
4262
4277
4295
4429
4672
4678
4706
4762
4789
4846
5053
5184
5238
5264
5274
5477
5615
5741
5755
5941
6101
6275
6291
6428
6642
6848
7089
7273
8076
482
208
364
1110
1154
1326
1839
2014
2190
2448
2461
2480
2540
3176
3207
3272
3671
2954
5896
333
524
537
561
576
596
597
614
628
632
648
767
795
815
916
928
937
952
1009
1010
1020
1080
1122
1192
1217
1221
1244
1250
1262
1269
1276
1281
1286
1298
1314
1340
1403
1424
1447
1510
1563
1636
1638
1660
1670
1718
1770
1778
1801
1828
1957
1981
2016
2025
2029
2062
2101
2169
2230
2427
2472
2485
2487
2501
2531
2534
2551
2557
2807
2873
2885
2979
3043
3049
3068
3120
3267
3305
3313
3389
3390
3412
3429
3512
3519
3529
3530
3556
3610
3647
3661
3696
3760
3796
3826
3955
3966
4114
4131
4162
4216
4305
4335
4425
4482
4665
4731
4787
4983
4987
5014
5108
5176
5400
5464
5641
5645
5670
5714
5752
5821
6016
6082
6100
6197
6198
6309
6503
6558
6661
7088
7145
8104
126
150
175
281
347
437
633
642
761
773
821
918
975
1011
1043
1044
1078
1100
1144
1181
1188
1214
1255
1263
1316
1355
1410
1456
1482
1485
1539
1540
1541
1573
1596
1599
1600
1605
1656
1666
1672
1696
1699
1724
1740
1747
1754
1767
1779
1825
1857
1877
1881
1898
1906
1915
1946
1949
1973
1974
1980
2094
2098
2104
2105
2116
2248
2490
2536
2569
2607
2684
2688
2832
2833
2882
2966
2982
2988
2995
3023
3045
3069
3072
3124
3180
3195
3203
3220
3263
3320
3408
3484
3511
3531
3540
3568
3638
3680
3755
3801
3806
3811
3831
3935
4070
4220
4230
4233
4278
4395
4516
4641
4663
4698
4729
5705
6208
6216
6266
6375
6403
6540
6983
447
491
743
774
787
959
984
1093
1153
1369
1757
2001
2088
2096
2099
2100
2180
2192
2219
2276
2393
2426
2475
2525
2767
2822
3015
3118
3148
3160
3166
3172
3188
3228
3277
3304
3312
3353
3364
3387
3828
3996
4081
4097
4103
4127
4159
4171
4173
4192
4231
4316
4361
4362
4374
4457
4496
4631
4642
4690
4745
4784
4939
4946
4978
4991
5005
5018
5051
5069
5173
5260
5331
5492
5524
5551
5587
5623
5710
5782
5802
5888
5894
5903
6026
6061
6065
6103
6111
6295
6502
6562
6673
6720
7090
7132
7216
7245
7397
7461
8042
8140
8250
8338
8344
1409
1413
1918
2013
3097
3763
3783
4757
4828
5471
5912
6444
8836
9636
11360
11901
12534
13083
13109
14014
15173
582
740
1194
1658
2791
2820
3212
4238
5946
7979
603
646
875
912
1028
1065
1257
1594
1903
2095
2311
2342
2564
2613
2823
2908
2931
2961
3012
3082
3091
3318
3669
3812
4196
4292
4450
4761
149
1301
2139
2703
2987
3480
6226
7335
7410
7514
7743
8285
8395
8835
9067
10139
10204
10878
11569
12499
12565
12863
14267
15231
15542
15946
16236
1016
1232
3378
3770
6739
3518
2057
1094
1303
2678
2840
2858
3060
3549
3718
4022
4259
4286
4499
5258
5653
5654
6039
6430
7150
7751
3395
11751
15930
479
625
1006
1077
1107
1960
2421
2515
2673
2802
3029
3404
3447
3476
3527
3539
3742
3746
3802
3947
3979
4031
4042
4180
4207
4302
4354
4372
4377
4379
4497
4599
4743
4820
4842
5008
5022
5033
5065
5149
5151
5160
5254
5359
5391
5413
5416
5436
5469
5481
5488
5583
5774
5806
5826
5923
5955
6035
6261
6338
6366
6407
6538
6599
7010
7780
8306
2655
4472
5188
5412
5646
5767
6163
6814
7078
7173
7328
433
3133
3858
4163
4284
4495
4993
5140
5214
5241
5973
6137
6436
6461
6497
312
318
902
2687
2993
3088
3265
3445
4014
4020
4463
4566
5266
5431
5432
5586
5606
5859
5887
6013
6854
8105
9256
731
2142
3223
3570
3880
4489
4945
5074
5172
5218
5358
5637
5790
5867
6298
6585
7556
169
1458
1595
1831
1869
1954
2554
2816
2986
3114
3750
3761
3819
3923
4040
4064
4243
4345
4476
4514
4621
4671
859
3765
3927
4038
4280
4582
4651
4769
4871
4999
5038
5050
5092
5164
5273
5295
5430
5773
5961
6067
6075
6162
6564
6663
396
1418
2545
3372
4401
4441
4528
4544
4618
4740
4773
4898
4975
5198
5339
5352
5513
5725
5732
5861
5910
6048
6098
6240
6362
6592
6932
7201
7279
8141
8214
1141
1518
1643
1909
1920
2027
2097
2221
2299
2474
2503
2512
2632
2641
2686
2803
2812
2818
2868
3011
3128
3151
3303
3441
3642
3689
3775
3791
3853
3948
3990
3999
4025
4184
4249
4258
4297
4543
4549
4556
4585
4588
4600
4612
4638
4694
4704
4714
4717
4777
4783
4785
4802
4822
4888
4897
4907
4950
4994
5003
5016
5032
5047
5081
5096
5102
5111
5131
5135
5144
5220
5292
5380
5425
5429
5487
5553
5573
5612
5614
5677
5694
5702
5718
5733
5771
5783
5804
5855
5893
5901
5902
5957
6024
6029
6108
6209
6213
6250
6267
6274
6395
6438
6604
6626
6812
6857
6860
6917
6925
7034
7134
7161
7250
7282
7306
7311
7392
7423
7426
7481
7557
7614
7625
7644
7733
7734
7739
7793
7802
7909
7915
7936
8015
8019
8027
8034
8036
8040
8062
8065
8078
8118
8132
8173
8284
8299
8308
13902
587
739
1706
3179
3784
3785
3967
4213
4288
4307
4559
4693
4749
4786
4811
4877
4960
4982
4992
5006
5083
5193
5203
5235
5319
5529
5698
5866
5944
6251
6382
6420
6426
6719
6794
6825
6858
6876
7576
7585
7835
7847
7993
7996
8235
8273
8339
118
933
1483
1806
2124
3727
3822
4172
4596
659
4272
6545
7235
7398
289
290
405
943
1056
1171
1390
1534
1546
1623
1711
1762
1772
1794
1998
2108
2391
2452
2528
2640
2949
3009
3080
3300
3572
3601
3607
3685
3688
3827
3934
3959
4170
4210
4267
4268
4306
4462
4465
4806
4944
5017
5225
5226
5291
5315
5503
5526
5546
5651
5884
5930
6038
6047
6210
6348
6491
6681
6837
7045
7291
7318
7399
7418
7927
8044
8198
8336
8371
8389
8480
8615
8651
8696
9160
9164
9274
9373
9673
9987
10431
10468
10949
11090
11099
11109
11754
11761
12595
12822
13716
13778
14283
17032
422
542
593
595
790
888
932
960
1037
1060
1067
1259
1421
1423
1526
1531
1620
1622
1629
1872
1889
1937
2061
2202
2543
2627
2888
2937
3086
3278
3319
3333
3384
3557
3621
3662
3814
3950
4029
4039
4041
4044
4137
4151
4255
4256
4261
4296
4393
4440
4494
4546
4568
4607
4625
4667
4733
4795
4797
4816
4836
4947
5088
5109
5190
5323
5353
5368
5470
5549
5552
5688
5745
5792
5809
5891
5905
5991
6066
6245
6276
6288
6317
6372
6553
6568
6601
6605
6649
6654
6725
6758
6826
7154
7225
7590
7778
8199
8317
8363
8415
8439
8443
8514
8658
8742
8762
8767
8848
8865
8879
8880
8954
9061
9065
9100
9107
9137
9146
9185
9219
9223
9227
9246
9315
9323
9327
9347
9349
9377
9406
9427
9432
9445
9784
9834
9969
10010
10061
10074
10188
10194
10235
10236
10238
10252
10274
10291
10306
10368
10387
10471
10586
10686
10689
10697
10733
10871
10916
11047
11395
11400
11415
11558
11701
11722
11780
11801
11879
11991
12177
12177
12189
12226
12246
12373
12389
12400
12495
12519
12631
12733
12764
12867
13142
13322
13620
13798
13936
13979
14019
14302
14369
14370
14599
14698
14937
15110
15696
15766
16514
365
450
564
652
849
923
956
1123
1339
1370
1702
1844
1928
1931
2136
2619
2649
2719
2856
2875
2901
2921
2958
2963
3017
3093
3185
3308
3348
3386
3558
3559
3585
3611
3613
3670
3743
3832
3881
3944
4069
4129
4244
4312
4329
4376
4384
4520
4548
4662
4752
4931
5010
5044
5097
5110
5180
5239
5267
5271
5460
5580
5655
5721
5810
5817
5878
6053
6070
6099
6107
6143
6181
6417
6447
6488
6528
6534
6541
6634
6701
6762
6807
6832
6939
7023
7073
7100
7136
7162
7186
7238
7288
7404
7415
7432
7440
7441
7571
7666
7819
7929
8016
8089
8091
8125
8170
8176
8222
8300
8304
8372
8477
8503
8517
8560
8563
8596
8640
8685
8713
8760
8810
8830
8876
9025
9026
9083
9088
9142
9154
9218
9341
9371
9425
9467
9469
9517
9539
9557
9610
9710
9739
9775
9929
9970
10011
10054
10119
10146
10244
10314
10321
10600
10602
10648
10699
10845
10875
10927
10983
10993
11025
11033
11093
11129
11221
11306
11560
11623
11624
11651
11812
11840
11878
12053
12348
12355
12364
12429
12484
12508
12528
12660
12674
12749
12791
12845
12864
12940
12959
12996
13070
13110
13318
13402
13477
13627
13786
14321
14379
14396
14408
14567
14863
14930
14984
15139
15148
15195
15230
15348
15584
15622
15627
15850
16060
16290
16375
445
452
813
863
1579
2831
3063
3241
3501
3593
3674
4037
4323
4402
4564
4765
4852
4967
4989
5057
5113
5346
5517
5562
5639
5753
6096
6145
6203
6319
6466
6588
6757
6759
6764
6773
7067
7077
7175
7541
7544
7568
7968
8011
8070
8343
8354
8495
8529
8534
8578
8608
8629
8678
8809
8860
8895
8946
8962
9046
9051
9128
9184
9232
9234
9308
9472
9638
9758
9820
9896
10003
10033
10046
10060
10289
10303
10329
10353
10885
10933
11297
11308
11362
11526
12016
12017
12338
12438
12992
13069
13431
13532
14280
15069
15140
15969
64
144
426
473
1097
1195
1332
1436
2023
2182
2677
3085
3232
3330
3392
3420
3436
3544
3682
4036
4218
4254
4325
4350
4365
4632
4699
4766
4908
4949
5089
5187
5277
5333
5408
5409
5414
5417
5657
5795
5839
5890
6037
6122
6609
6916
6956
7004
7027
7218
7276
7459
7594
7683
7699
7753
7821
7838
7920
7984
8045
8049
8169
8179
8259
8266
8276
8351
8381
8422
8433
8590
8687
8779
8957
8958
9002
9028
9140
9171
9175
9198
9285
9300
9305
9330
9351
9363
9387
9442
9453
9599
9626
9637
9651
9665
9709
9764
9768
9860
9983
9990
10013
10034
10114
10156
10258
10287
10326
10331
10877
10975
10990
10998
11009
11164
11249
11253
11315
11393
11519
11575
11609
11626
11681
11721
11733
12122
12190
12214
12307
12413
12507
12527
12580
12739
12806
12990
13054
13067
13102
13126
13147
13231
13392
13424
13622
14037
14560
14670
14810
14929
14979
14987
15409
15486
15548
15791
15831
16059
16066
16244
16483
578
1323
3451
3608
4212
4942
5374
6260
6405
6615
7359
7386
7633
7730
7911
8131
8194
8287
8423
8494
8603
8776
8896
9064
9266
9303
9979
10072
10092
10096
10215
10221
10364
10366
10531
10599
10683
10698
10796
10922
11283
11392
11565
11620
11637
11655
11731
11843
11863
11966
11998
12063
12466
12542
12607
12954
13123
13219
13523
13537
13907
14289
14620
15189
15312
15644
15736
15769
15955
17507
545
954
1808
1926
3437
3648
3872
3926
3931
4282
4470
4524
4774
5139
5356
5635
6058
6233
6470
6485
6986
7057
7411
7503
7974
8083
8134
8159
8191
8289
8293
8400
8511
8574
8582
8593
8611
8628
8646
8684
8728
8764
8783
8834
8892
8893
8897
8945
8986
8987
9034
9073
9166
9268
9276
9329
9394
9419
9443
9519
9543
9544
9559
9614
9649
9664
9677
9692
9694
9851
9852
9939
9963
9965
10065
10082
10100
10111
10285
10351
10370
10416
10430
10452
10483
10587
10768
10783
10805
10902
10950
10997
11023
11053
11412
11444
11471
11669
11715
11723
12106
12154
12308
12326
12418
12697
12829
13534
14140
14142
14817
14860
15132
15437
15682
15948
16102
302
3257
3396
5162
5251
5836
5842
6097
6120
8085
8234
8467
8831
8894
8899
9310
9316
9631
10031
499
1407
1691
2984
3939
5143
5511
5565
5761
5943
5949
6106
6174
6392
6495
8437
8617
8665
8679
8691
8759
8791
8806
8989
9163
9471
9484
9529
9591
9617
9687
9722
9778
9932
9996
10044
10153
10210
10213
10234
4780
6524
9505
4121
4275
8108
8362
8818
9914
10121
5892
6093
128
710
711
713
738
806
841
1371
1396
1406
1469
1727
1897
1965
2333
2530
2676
2705
2741
2792
2883
2884
3003
3149
3169
3500
3637
3741
4071
4149
4314
4342
4501
4522
4645
4712
4796
4933
5007
5037
5046
5056
5095
5099
5344
5364
5478
5531
5545
5555
5666
5673
5776
5916
5950
5976
6014
6019
6049
6073
6176
6228
6257
6311
6472
6530
6775
6792
7163
7188
7203
7214
7256
7263
7329
7345
7378
7485
7587
7629
7662
7681
7696
7790
7845
7857
7895
8009
8129
8163
8256
8335
8397
8497
8501
8531
8618
8709
8747
8905
8944
8994
9010
9126
9153
9217
9226
9280
9304
9319
9352
9370
9483
9567
9575
9660
9738
9745
9754
9772
9843
9877
9893
9903
9904
9950
9958
9959
10023
10037
10115
10150
10161
10195
10251
10255
10296
10375
10383
10414
10443
10503
10537
10573
10583
10616
10630
10711
10756
10804
10806
10822
10831
10852
10907
10986
11007
11030
11031
11067
11108
11131
11140
11143
11174
11240
11275
11343
11381
11432
11461
11523
11524
11536
11542
11567
11583
11662
11674
11679
11691
11705
11710
11713
11719
11738
11757
11849
11869
11914
11939
11944
12066
12069
12110
12124
12139
12141
12165
12204
12234
12276
12279
12286
12299
12311
12318
12337
12350
12390
12422
12510
12530
12577
12581
12667
12668
12700
12704
12714
12756
12768
12809
12915
12920
12953
13130
13259
13264
13327
13344
13414
13471
13485
13494
13497
13501
13503
13517
13661
13820
13829
13831
13850
13855
13885
13931
13989
14000
14026
14046
14079
14088
14110
14147
14151
14171
14230
14255
14329
14332
14373
14402
14439
14443
14520
14554
14556
14562
14657
14700
14703
14812
14844
14845
14850
14982
15117
15164
15169
15176
15223
15269
15387
15451
15510
15532
15586
15606
15611
15629
15688
15716
15972
16021
16214
16257
16395
16415
16461
16567
16666
16700
16767
16881
17017
17184
17186
17824
18125
110
285
1545
1555
1756
2596
2663
3083
3197
3260
3900
4371
4421
4455
4702
4792
5002
5087
5308
5402
5450
5455
5671
5895
5913
5920
6032
6193
6196
6400
6548
6702
6703
6776
7187
7237
7330
7472
7672
7906
8360
8459
8524
8975
8995
9132
9155
9210
9328
9343
9669
9679
10048
10089
10090
10128
10131
10143
10155
10217
10218
10322
10433
10450
10552
10560
10612
10665
10703
10741
10753
10810
10823
10828
10848
10854
10883
10896
11013
11022
11048
11056
11072
11085
11126
11155
11177
11218
11311
11328
11448
11479
11505
11571
11598
11627
11641
11717
11793
11811
11924
11936
11937
12075
12102
12133
12179
12281
12289
12340
12425
12441
12473
12533
12564
12786
12787
12800
12888
12891
12903
12964
13022
13032
13241
13243
13256
13275
13310
13513
13539
13585
13612
13626
13641
13668
13684
13731
13749
13819
14034
14092
14104
14247
14249
14272
14358
14441
14627
14694
14746
14870
15087
15159
15178
15204
15207
15360
15366
15476
15509
15525
15533
15543
16303
16356
16376
16430
16477
16498
16593
16845
16962
16983
17002
17031
17052
17100
17322
17460
17575
17728
17762
17818
18351
410
581
905
1287
1290
1491
1630
2879
3138
3373
3427
3676
3773
3960
4122
4257
4398
4817
4881
5231
5387
5397
5398
5512
5548
6201
6253
6432
6613
7219
7338
7542
8426
8723
8780
8807
8911
8927
8949
8972
9121
9148
9159
9291
9354
9364
9366
9528
9531
9550
9639
9732
9747
9838
9863
10005
10168
10367
10411
10614
10618
10717
10765
10840
10895
11178
11261
11309
11321
11429
11644
11645
11664
11718
11788
11839
11912
11968
12086
12092
12137
12174
12174
12256
12406
12532
12646
12677
12775
12957
13030
13033
13227
13274
13386
13393
13476
13557
13663
13688
13788
13837
13839
13890
13957
14618
14684
14748
15193
15206
15225
15247
15275
15408
15445
15675
15846
15967
15989
15998
16000
16056
16184
16486
16708
17216
17281
17485
17608
17843
2821
3600
3715
4686
5925
8748
8750
8878
9361
11586
12375
13026
13378
13519
15337
3778
8731
9186
9369
9650
9966
9988
11167
12262
12467
12947
15347
15865
16316
458
3871
3937
6761
7808
8028
9667
10105
11975
12022
12280
12300
12412
12416
12568
12573
12579
12652
13939
13975
14253
14346
14350
14617
15146
15536
15569
15823
15832
15881
15977
16162
16265
11172
13071
15863